{
 "cells": [
  {
   "cell_type": "code",
   "execution_count": 44,
   "metadata": {
    "collapsed": false
   },
   "outputs": [],
   "source": [
    "import pandas as pd\n",
    "\n",
    "df_wine = pd.read_csv('https://archive.ics.uci.edu/ml/machine-learning-databases/wine/wine.data', header=None)"
   ]
  },
  {
   "cell_type": "code",
   "execution_count": 47,
   "metadata": {
    "collapsed": false
   },
   "outputs": [],
   "source": [
    "from sklearn.model_selection import train_test_split\n",
    "from sklearn.preprocessing import StandardScaler\n",
    "\n",
    "X, y = df_wine.iloc[:, 1:].values, df_wine.iloc[:, 0].values\n",
    "X_train, X_test, y_train, y_test = train_test_split(X, y, test_size=0.3, random_state=0)\n",
    "\n",
    "sc = StandardScaler()\n",
    "X_train_std = sc.fit_transform(X_train)\n",
    "X_test_std = sc.fit_transform(X_test)"
   ]
  },
  {
   "cell_type": "code",
   "execution_count": 48,
   "metadata": {
    "collapsed": false
   },
   "outputs": [
    {
     "name": "stdout",
     "output_type": "stream",
     "text": [
      "[ 4.8923083   2.46635032  1.42809973  1.01233462  0.84906459  0.60181514\n",
      "  0.52251546  0.08414846  0.33051429  0.29595018  0.16831254  0.21432212\n",
      "  0.2399553 ]\n"
     ]
    }
   ],
   "source": [
    "import numpy as np\n",
    "\n",
    "cov_mat = np.cov(X_train_std.T)\n",
    "eigen_vals, eigen_vecs = np.linalg.eig(cov_mat)\n",
    "print(eigen_vals)\n",
    "#print(eigen_vecs)\n",
    "\n",
    "eigen_pairs = [(np.abs(eigen_vals[i]), eigen_vecs[:, i]) for i in range(len(eigen_vals))]"
   ]
  },
  {
   "cell_type": "code",
   "execution_count": 54,
   "metadata": {
    "collapsed": false
   },
   "outputs": [],
   "source": [
    "# taking just first 2 eigen vectors but we could take as many as we want our k to be\n",
    "w = np.hstack((eigen_pairs[0][1][:, np.newaxis], \n",
    "               eigen_pairs[1][1][:, np.newaxis]))\n",
    "\n",
    "X_train_pca_manual = X_train_std.dot(w)"
   ]
  },
  {
   "cell_type": "code",
   "execution_count": 55,
   "metadata": {
    "collapsed": false
   },
   "outputs": [
    {
     "name": "stdout",
     "output_type": "stream",
     "text": [
      "[[ 1.59954057 -1.44963046]\n",
      " [ 0.06658775  2.90262559]\n",
      " [-1.51638726 -1.57383394]]\n",
      "[[ 1.59954057  1.44963046]\n",
      " [ 0.06658775 -2.90262559]\n",
      " [-1.51638726  1.57383394]]\n"
     ]
    }
   ],
   "source": [
    "from sklearn.linear_model import LogisticRegression\n",
    "from sklearn.decomposition import PCA\n",
    "\n",
    "pca = PCA(n_components=2)\n",
    "lr = LogisticRegression()\n",
    "\n",
    "X_train_pca = pca.fit_transform(X_train_std)\n",
    "X_test_pca = pca.fit_transform(X_test_std)\n",
    "lr.fit(X_train_pca, y_train)\n",
    "print(lr.coef_)\n",
    "\n",
    "lr.fit(X_train_pca_manual, y_train)\n",
    "print(lr.coef_)"
   ]
  },
  {
   "cell_type": "code",
   "execution_count": 56,
   "metadata": {
    "collapsed": false
   },
   "outputs": [
    {
     "name": "stdout",
     "output_type": "stream",
     "text": [
      "1: [ 0.9259 -0.3091  0.2592 -0.7989  0.3039  0.9608  1.0515 -0.6306  0.5354\n",
      "  0.2209  0.4855  0.798   1.2017]\n",
      "2: [-0.8727 -0.3854 -0.4437  0.2481 -0.2409 -0.1059  0.0187 -0.0164  0.1095\n",
      " -0.8796  0.4392  0.2776 -0.7016]\n",
      "3: [ 0.1637  0.8929  0.3249  0.5658 -0.01   -0.9499 -1.228   0.7436 -0.7652\n",
      "  0.979  -1.1698 -1.3007 -0.3912]\n"
     ]
    }
   ],
   "source": [
    "# LDA also needs std data\n",
    "np.set_printoptions(precision=4)\n",
    "mean_vecs = []\n",
    "\n",
    "for label in range(1, 4):\n",
    "    mean_vecs.append(np.mean(X_train_std[y_train==label], axis=0))\n",
    "    print('{}: {}'.format(label, mean_vecs[label-1]))"
   ]
  },
  {
   "cell_type": "code",
   "execution_count": 60,
   "metadata": {
    "collapsed": false
   },
   "outputs": [
    {
     "name": "stdout",
     "output_type": "stream",
     "text": [
      "Within-class scatter: [[  1.7635e+04   3.4151e+03   2.8949e+03   2.8533e+04   1.3593e+05\n",
      "    3.5946e+03   2.7261e+03  -3.9093e+02   2.6202e+03   8.6361e+03\n",
      "    2.5164e+03   4.0359e+03   8.5188e+05]\n",
      " [  3.4151e+03   8.0006e+02   5.6195e+02   5.5669e+03   2.6038e+04\n",
      "    6.9089e+02   5.1890e+02  -7.2502e+01   4.9982e+02   1.6469e+03\n",
      "    4.8755e+02   7.8412e+02   1.6572e+05]\n",
      " [  2.8949e+03   5.6195e+02   4.7935e+02   4.7219e+03   2.2362e+04\n",
      "    5.9264e+02   4.4854e+02  -6.4206e+01   4.2905e+02   1.4106e+03\n",
      "    4.1415e+02   6.6444e+02   1.3949e+05]\n",
      " [  2.8533e+04   5.5669e+03   4.7219e+03   4.6810e+04   2.2057e+05\n",
      "    5.8388e+03   4.4250e+03  -6.3332e+02   4.2345e+03   1.3904e+04\n",
      "    4.0813e+03   6.5408e+03   1.3766e+06]\n",
      " [  1.3593e+05   2.6038e+04   2.2362e+04   2.2057e+05   1.0629e+06\n",
      "    2.7680e+04   2.1211e+04  -3.0944e+03   2.0219e+04   6.6355e+04\n",
      "    1.9426e+04   3.1046e+04   6.5964e+06]\n",
      " [  3.5946e+03   6.9089e+02   5.9264e+02   5.8388e+03   2.7680e+04\n",
      "    7.4303e+02   5.5718e+02  -7.8728e+01   5.3936e+02   1.7681e+03\n",
      "    5.1334e+02   8.2474e+02   1.7387e+05]\n",
      " [  2.7261e+03   5.1890e+02   4.4854e+02   4.4250e+03   2.1211e+04\n",
      "    5.5718e+02   4.3068e+02  -6.3163e+01   4.0789e+02   1.3447e+03\n",
      "    3.8856e+02   6.1995e+02   1.3092e+05]\n",
      " [ -3.9093e+02  -7.2502e+01  -6.4206e+01  -6.3332e+02  -3.0944e+03\n",
      "   -7.8728e+01  -6.3163e+01   1.0329e+01  -5.7137e+01  -1.8879e+02\n",
      "   -5.5712e+01  -8.8155e+01  -1.8546e+04]\n",
      " [  2.6202e+03   4.9982e+02   4.2905e+02   4.2345e+03   2.0219e+04\n",
      "    5.3936e+02   4.0789e+02  -5.7137e+01   4.0245e+02   1.3274e+03\n",
      "    3.7159e+02   5.9624e+02   1.2742e+05]\n",
      " [  8.6361e+03   1.6469e+03   1.4106e+03   1.3904e+04   6.6355e+04\n",
      "    1.7681e+03   1.3447e+03  -1.8879e+02   1.3274e+03   4.7426e+03\n",
      "    1.2113e+03   1.9547e+03   4.1943e+05]\n",
      " [  2.5164e+03   4.8755e+02   4.1415e+02   4.0813e+03   1.9426e+04\n",
      "    5.1334e+02   3.8856e+02  -5.5712e+01   3.7159e+02   1.2113e+03\n",
      "    3.6127e+02   5.7797e+02   1.2166e+05]\n",
      " [  4.0359e+03   7.8412e+02   6.6444e+02   6.5408e+03   3.1046e+04\n",
      "    8.2474e+02   6.1995e+02  -8.8155e+01   5.9624e+02   1.9547e+03\n",
      "    5.7797e+02   9.3229e+02   1.9503e+05]\n",
      " [  8.5188e+05   1.6572e+05   1.3949e+05   1.3766e+06   6.5964e+06\n",
      "    1.7387e+05   1.3092e+05  -1.8546e+04   1.2742e+05   4.1943e+05\n",
      "    1.2166e+05   1.9503e+05   4.2716e+07]]\n"
     ]
    }
   ],
   "source": [
    "d = 13 # number of features\n",
    "S_W = np.zeros((d, d))\n",
    "for label, mv in zip(range(1, 4), mean_vecs):\n",
    "#    class_scatter = np.zeros((d, d))\n",
    "#    for row in X_train[y_train==label]:\n",
    " #       row, mv = row.reshape(d, 1), mv.reshape(d, 1)\n",
    "        #class_scatter += (row - mv).dot((row-mv).T) # if class labels are not uniform, scale here -> np.cov\n",
    "    class_scatter += np.cov(X_train[y_train==label].T)   \n",
    "    S_W += class_scatter\n",
    "\n",
    "print('Within-class scatter: {}'.format(S_W))"
   ]
  },
  {
   "cell_type": "code",
   "execution_count": 59,
   "metadata": {
    "collapsed": false
   },
   "outputs": [
    {
     "name": "stdout",
     "output_type": "stream",
     "text": [
      "Class label distribution: [40 49 35]\n"
     ]
    }
   ],
   "source": [
    "print('Class label distribution: {}'.format(np.bincount(y_train)[1:])) # should be uniform, otherwise we need to scale"
   ]
  },
  {
   "cell_type": "code",
   "execution_count": 62,
   "metadata": {
    "collapsed": false
   },
   "outputs": [
    {
     "name": "stdout",
     "output_type": "stream",
     "text": [
      "Between class scatter: [[  9.3793e-01   5.1159e+00   1.8614e+00   3.2416e+00  -5.7237e-02\n",
      "   -5.4424e+00  -7.0357e+00   4.2606e+00  -4.3843e+00   5.6092e+00\n",
      "   -6.7023e+00  -7.4525e+00  -2.2414e+00]\n",
      " [  5.1159e+00   2.7905e+01   1.0153e+01   1.7681e+01  -3.1220e-01\n",
      "   -2.9686e+01  -3.8376e+01   2.3240e+01  -2.3914e+01   3.0596e+01\n",
      "   -3.6558e+01  -4.0649e+01  -1.2226e+01]\n",
      " [  1.8614e+00   1.0153e+01   3.6941e+00   6.4333e+00  -1.1359e-01\n",
      "   -1.0801e+01  -1.3963e+01   8.4556e+00  -8.7010e+00   1.1132e+01\n",
      "   -1.3301e+01  -1.4790e+01  -4.4483e+00]\n",
      " [  3.2416e+00   1.7681e+01   6.4333e+00   1.1204e+01  -1.9782e-01\n",
      "   -1.8810e+01  -2.4317e+01   1.4725e+01  -1.5153e+01   1.9386e+01\n",
      "   -2.3164e+01  -2.5757e+01  -7.7466e+00]\n",
      " [ -5.7237e-02  -3.1220e-01  -1.1359e-01  -1.9782e-01   3.4929e-03\n",
      "    3.3212e-01   4.2936e-01  -2.6001e-01   2.6755e-01  -3.4230e-01\n",
      "    4.0901e-01   4.5479e-01   1.3678e-01]\n",
      " [ -5.4424e+00  -2.9686e+01  -1.0801e+01  -1.8810e+01   3.3212e-01\n",
      "    3.1580e+01   4.0825e+01  -2.4723e+01   2.5440e+01  -3.2548e+01\n",
      "    3.8891e+01   4.3243e+01   1.3006e+01]\n",
      " [ -7.0357e+00  -3.8376e+01  -1.3963e+01  -2.4317e+01   4.2936e-01\n",
      "    4.0825e+01   5.2778e+01  -3.1961e+01   3.2888e+01  -4.2077e+01\n",
      "    5.0276e+01   5.5904e+01   1.6814e+01]\n",
      " [  4.2606e+00   2.3240e+01   8.4556e+00   1.4725e+01  -2.6001e-01\n",
      "   -2.4723e+01  -3.1961e+01   1.9354e+01  -1.9916e+01   2.5480e+01\n",
      "   -3.0446e+01  -3.3854e+01  -1.0182e+01]\n",
      " [ -4.3843e+00  -2.3914e+01  -8.7010e+00  -1.5153e+01   2.6755e-01\n",
      "    2.5440e+01   3.2888e+01  -1.9916e+01   2.0494e+01  -2.6220e+01\n",
      "    3.1329e+01   3.4836e+01   1.0477e+01]\n",
      " [  5.6092e+00   3.0596e+01   1.1132e+01   1.9386e+01  -3.4230e-01\n",
      "   -3.2548e+01  -4.2077e+01   2.5480e+01  -2.6220e+01   3.3546e+01\n",
      "   -4.0083e+01  -4.4569e+01  -1.3405e+01]\n",
      " [ -6.7023e+00  -3.6558e+01  -1.3301e+01  -2.3164e+01   4.0901e-01\n",
      "    3.8891e+01   5.0276e+01  -3.0446e+01   3.1329e+01  -4.0083e+01\n",
      "    4.7894e+01   5.3254e+01   1.6017e+01]\n",
      " [ -7.4525e+00  -4.0649e+01  -1.4790e+01  -2.5757e+01   4.5479e-01\n",
      "    4.3243e+01   5.5904e+01  -3.3854e+01   3.4836e+01  -4.4569e+01\n",
      "    5.3254e+01   5.9215e+01   1.7809e+01]\n",
      " [ -2.2414e+00  -1.2226e+01  -4.4483e+00  -7.7466e+00   1.3678e-01\n",
      "    1.3006e+01   1.6814e+01  -1.0182e+01   1.0477e+01  -1.3405e+01\n",
      "    1.6017e+01   1.7809e+01   5.3563e+00]]\n"
     ]
    }
   ],
   "source": [
    "# between classes scatter \n",
    "\n",
    "mean_overall = np.mean(X_train_std, axis=0)\n",
    "d = 13\n",
    "S_B = np.zeros((d, d))\n",
    "for i, mean_vec in enumerate(mean_vecs):\n",
    "    n = X_train[y_train == i+1, :].shape[0]\n",
    "    mean_vec = mean_vec.reshape(d, 1)\n",
    "    mean_overall = mean_overall.reshape(d, 1)\n",
    "    \n",
    "S_B = n * (mean_vec - mean_overall).dot((mean_vec - mean_overall).T)\n",
    "print('Between class scatter: {}'.format(S_B))\n"
   ]
  },
  {
   "cell_type": "code",
   "execution_count": 65,
   "metadata": {
    "collapsed": false
   },
   "outputs": [
    {
     "name": "stdout",
     "output_type": "stream",
     "text": [
      "[ -1.0334e+02  -3.3367e+01  -9.5279e+00  -1.2263e-01   2.9037e-04\n",
      "   1.1935e-01   6.1188e-01   1.3689e+00   5.8031e+00   1.0138e+01\n",
      "   1.1845e+01   4.2635e+01   1.8747e+02]\n"
     ]
    }
   ],
   "source": [
    "eigen_vals, eigen_vecs = np.linalg.eigh(np.linalg.inv(S_W).dot(S_B))\n",
    "print(eigen_vals)"
   ]
  },
  {
   "cell_type": "code",
   "execution_count": 67,
   "metadata": {
    "collapsed": false
   },
   "outputs": [],
   "source": [
    "eigen_pairs = [(np.abs(eigen_vals[i]), eigen_vecs[:, i]) for i in range(len(eigen_vals))]\n",
    "               \n",
    "# taking just first 2 eigen vectors but we could take as many as we want our k to be\n",
    "w = np.hstack((eigen_pairs[0][1][:, np.newaxis], \n",
    "               eigen_pairs[1][1][:, np.newaxis]))\n",
    "\n",
    "X_train_lda_manual = X_train_std.dot(w)"
   ]
  },
  {
   "cell_type": "code",
   "execution_count": 69,
   "metadata": {
    "collapsed": false
   },
   "outputs": [
    {
     "name": "stdout",
     "output_type": "stream",
     "text": [
      "[[-1.4255  1.5279]\n",
      " [ 0.0343 -2.6257]\n",
      " [ 1.189   1.2346]]\n",
      "[[ 1.5995  1.4496]\n",
      " [ 0.0666 -2.9026]\n",
      " [-1.5164  1.5738]]\n"
     ]
    }
   ],
   "source": [
    "from sklearn.lda import LDA\n",
    "lda = LDA(n_components=2)\n",
    "X_train_lda = lda.fit_transform(X_train_std, y_train)\n",
    "\n",
    "lr = LogisticRegression()\n",
    "lr.fit(X_train_lda, y_train)\n",
    "print(lr.coef_)\n",
    "\n",
    "lr.fit(X_train_pca_manual, y_train)\n",
    "print(lr.coef_)"
   ]
  },
  {
   "cell_type": "code",
   "execution_count": 74,
   "metadata": {
    "collapsed": false
   },
   "outputs": [
    {
     "data": {
      "text/plain": [
       "<matplotlib.collections.PathCollection at 0x115d746d0>"
      ]
     },
     "execution_count": 74,
     "metadata": {},
     "output_type": "execute_result"
    },
    {
     "data": {
      "image/png": "iVBORw0KGgoAAAANSUhEUgAAAhMAAAFdCAYAAAC5Ge+lAAAABHNCSVQICAgIfAhkiAAAAAlwSFlz\nAAAPYQAAD2EBqD+naQAAIABJREFUeJzsnXd0lOe17p9p6hUJCQlEE00SohfTDAaDiR3cMBgZY2zH\niR2XxMm6yU1y1r3nnnPu8mk3J87JSuxgJwZcwBTbGGy6qaZLBoFAAoSQQKj3XkZz/3j4/M1IAiRN\n/Wb2by0tzXya8s5o5nufd+/n3RsQBEEQBEEQBEEQBEEQBEEQBEEQBEEQBEEQBEEQBEEQBEEQBEEQ\nBEEQBEEQBEEQBEEQfAGduwdgJ3G3fwRBEARB6B1Ft3/sRstiIm7MmDG3srOz3T0OQRAEQdAilwAs\ngAMEhZbFxCQA6R999BGSkpLcPRan8uabb+Ltt9929zCcjrxO70Jep3chr9O7uHTpEp599lkAmAwg\nw97HM9o9IjeTlJSESZMmuXsYTiUiIsLrXyMgr9PbkNfpXcjrFO6G3t0DEARBEARB24iYEARBEATB\nLkRMCIIgCIJgFyImNEBaWpq7h+AS5HV6F/I6vQt5ncLd0PxujvT0dDHLCIIgCEIvyMjIwOTJkwEH\n7eaQyIQgCIIgCHYhYkIQBEEQBLsQMSEIgiAIgl2ImBAEQRAEwS5ETAiCIAiCYBciJgRBEARBsAsR\nE4IgCIIg2IWICUEQBEEQ7ELEhCAIgiAIdiFiQhAEQRAEuxAxIQiCIAiCXYiYEARBEATBLkRMCIIg\nCIJgFyImBEEQBEGwCxETgiAIgiDYhYgJQRAEQRDsQsSEIAiCIAh2IWJCEARBEAS7EDEhCIIgCIJd\niJgQBEEQBMEuREwIgiAIgmAXzhIT9wPYDqAQQAeAx3pwn3kAMgA0A7gCYLWTxiYIgiAIggNxlpgI\nAvAdgNduX7fc4/bDAHwFYD+A8QDeBvA+gEVOGp8gCIIgCA7C6KTH3XX7p6e8AiAXwK9uX88BMBvA\nLwDscezQBMHJWCzAuXNAaipgMKjHc3KAQYOAujqgowOIj1f/1tgIFBQAY8a4fryCIAh24imeiRkA\n9nU6tuf2cUHwPLKzgf37KRwUysuBzz4DCguBL7/k5Y4O/u38eWDjRuDUKd5v/Xrg1i3+rbGR13fs\nAMrKgM2bgaYm9XHb24HPPwdKS133+gRBEHqBp4iJWAAlnY6VAAgD4O/64QgCgBs3OJFbU1EB1NYC\nNTXAkSOqoCgvB9auBYqLgX79gOXLgUuXgK1bGaX47DNg/Hhg7lxg6VIgOpoCIjeXv2trgeeeo/i4\ndg348EMKivZ24NNPgawsoL4eKCoCmpttx1RXx+cXBEFwE85KcwiCtmluBj7+GEhIAJ5+GjAaKSTW\nrmV6Ii2NImLXLk7kN28CQUHA6tX8PWYMBcXGjRQC48YBjz4K6PVAQADw7LPAmjUUDQDw6qtATAwv\nr14NrFsHfPAB4O9PAZGWBgwZAvzpT0BwMLBqFR+nro63NZmAn/wE0Onc9pYJguC7eIqYKAYwoNOx\nWAC1AFrudsc333wTERERNsfS0tKQlpbm0AEKXkp5OaMEnY9FRQHLlgEbNjAysHAhJ/6AAGDJEt7u\nvvt42zNneP2nP+VEr9DWpl7uHOHo6LBNkVj/fcAAio333uP1ZcuAxERefvppRjI+/BB44gmKldZW\nig2zmdEL6++DxUIR1Pk1CoLgM2zYsAEbNmywOVZdXe3Q53DFMqYDwOMAvrzLbf4NwMMAxlkd+wRA\nxO3j3TEJQHp6ejomTZrkiHEKvkZ2NrBpE/DUU0ByMo9dvcoJ+oc/BCZMYBpCiR5ERgI/+hEQEsLr\nSmqjvp7XZ88GFixgdOD8eTW1MXo0fRBJSUxxNDerqY0VK4A9e/hYzz3HqIeS2rhyhY8bH89IRGAg\nrxcVAX/9Ky/7+QEvv0zx8/XXTK08/zyvWyzAwYPA0aPA669z/IIgCAAyMjIwefJkAJgMlmWwC2d5\nJoIBTLj9AwDDb19OuH39XwGss7r9u7dv8+8AxgB4FcAyAH9w0vgEARg1CkhJAbZsAS5eVIXE8OHA\n2LG8jfUqPzCQkQlAFRJBQcCvfgUsXsxJe/9++iYUIfHooxQRiofi4EH+rbaWk/7gwYxCREczrdLQ\nQCGRl0cB8corQFWV6qEAVDEDcLeIEg25/36Ob+1aRiMOHgQOHQLmzxchIQiCU3FWZGIegG9uX7ZY\nPc9aAC8C+ADAEADzre4zFxQPyQBuAPgXAOvv8hwSmRDuTWMjd02MGKEe6+jgxJ6czNX7558zkgBQ\nYCxfbuuRCAgA5szhDo1hw5hq2LuXE/7q1epkfuIEJ/BXXuFzjhlDj4TCtWtAXBwjGRaL6pEAGK0o\nLGRUY+NGPoeS2iguZiRj0SIeW7eOqY1Fi4CvvqLhU/FQ1Nfz72VlvO/ChcCsWYx2XL6sRmAUsrI4\nTustrIIgeD2Ojkw4yzNxEHePerzQzbFDoEAQBMdx4gQjBsuWMULQ0UHxkJXFaEBsLOtBKGJi7FgK\nieZmVUisXs1oQHAwPRTbttGv0NKiph4AeihSU3m7Tj4eAIx4ALb3UQgIUMXDz39u670YMAB47TXe\n5t13KSRWr2YqIyqKQmPDBkY6goMZ7VDEhFK3IiuLr3vRImDmTB47eJA/K1ZIfQtBEOzCUwyYguAc\n5s0DKivpWVi6lD6JrCxejo1lamPTJmDkSIqIL77g7+Rk4IEHGKlQ0gqJicAzz9CnoNd3LwqsRUBf\n6e4xlGNz5zK6ERXF63Fx9Foovo2DB4H0dGDGDL62tWspMsaNY6Rlz+0acK2tvO2DD4qQEATBbkRM\nCN5BR4dtSsH62JNP8vLmzTy+bBm9Etevqx6J5ct5288/p4dixQqgu/SZEl1wF4qXw5q4OP4+coQe\nCSW1MWsWUx5r1wIvvURxBKiC4sEHaRoF7v7+CYIg3AM5Uwja59tvgU8+sd1eefUq8M47rMMA2E6K\nyuWYGGDqVNUjodczfTFjhjpBa4lhw2gEnTWL10NCmA5JTeVlnc62DoXyPty8CfzlL4xcKNTVMaWi\n7CgRBEG4CyImBO0TFwfk5zPK0N6u7sro149Fnz7/nLs1li7lyn7zZhowg4KAhx6ikFDQ67myDw11\n3+vpK4MG0bdhTUgIfRIGg7q748EHufNjzx7g2DH6O3Q6dRdIXR0vt7So6RRBEIS7IGkOQfsMH86i\nTRs2AP/3//LY6NFMZxw+rHokUlL4A1BQvPwyfRO+QGam6pGYPVstmLVnD0WXUnXzT3/i8fBwHuvX\nz21DFgRBO4iYELyD4cOBadOY8gDokzAagenTWRJ75EgeVzwUo0fbbs30dpKT+doVz4VORw9F//58\nbwwGCq533+XflywRISEIQo+RNIegDXJz2TTLbFaPVVUBH33EnQxXrwInT6o7LTZvZsojOFgVEgp6\nPX0EvtTHwmjsat7U6dQ26XV1fM8MBt522zamPG7dYsSnxaqqfUMD33drj4UgCD6NiAlBG5jN9D1s\n2cLLVVXM61dW0iS4cSO3bv7616woae2hEO6O4pFob2c9izfftK2kef06q3O2tFBIrF/PQlpKe3VB\nEHweEROCNhg1ilUhL19mA6y//Y2r6OefZ4GpxER6JIxG1UNRX9+1XbfQlbo6vpeKR0LZBRISQpPq\nqlVASQnf9/ffp6BYvZopEkEQBLim0ZezkHLavsjJk8DOnbz85ptqpUmLpWvaortjQvfc6/27fJnb\nbwHgxz8GBg507fgEQXAoWmn0JQh9o7u0hHKsqopbGRV271Y9FN2JBhESPedu719DAxuYKezezZSH\nxXL3/5cgCD6DiAnBcyguBv74R/odFJTiSQcPModvMAC//CXLWl++rHooBOegeCQaGuineOklpjw+\n/pgmzU8/tRUP6eksFqZ0OBUEwScQMSF4DlFRaivu/HwKCaVDZkuL6pEIC1M9FNevsx244ByuX7f1\nSAwaRA9FeTlTTHl5qqBITwe2b2eHVqVVuyAIPoGW48DimfBG2tqYm8/L4/WwMLVDZksLK1pa090x\nwbHc7X3PzeXWUSU6MX06S3pLikkQPBrxTAjejckEPPqoev2BB9SSzt2JBhESzudu73tiIguAKSxc\nKEJCEHwQEROCZ1FXxzRHYCBLOu/caeuhEDyL9HSWK+/fn9tyO3soBEHwCURMCK4nNxfIzrY9VlUF\n7N1Lk2VrK41+r7/OLYiKh0LwLBSPxPTpwKuvsrZHXh7THnv32lbNBIATJ6RqpiB4KSImBNdz7hyw\naZMqKJRqlunpTHMoHgmTibs2hgyhwBA8i+ZmW49EYiIFRW0t64EoVTMBdivdtUtamguCl6Ll5KYY\nMLWK2cw+G9nZzLGfOKHu1AgNleJTWuJOxa4KC4EPP2RX1oQENmCbP5+tzwVBcDtiwBS0j9KhMjaW\nBZBqatQtn1J8Slvc6f+lbCEtKKCQmD1bhIQgeDEiJgT3UFvL3hkKt265byyCc8jNVS8XFHT1UAiC\n4DWImBBcj+KRMJnYXyM52dZDIWifQ4eAAweY2rCumimCQhC8EhETgvM4fZotwq3JzQX+/nfVIxER\nwZTHmDEszyxdPrVPUZEqJO6/X015lJQAH3zQdUdHXp4YMwVB44iYEJxDayuNlevWqYJCqZYYHa16\nJADVQ/HCC1KG2RuIiwNeftnWIzFoEPDcc/xcrFunCoq8PFY8PXOGxk1BEDSJiAnBOfj5cYun0cjJ\n48wZColhw4CVK1UhoWAwADEx7hmr4Hji4roeGziQgtHPj5+J9HQKiSFDgGXLxGgrCBpGxITgPJS+\nGjU1wI4dTGk8/TQFhuCbhIbyM1Fby4JXISHAihXymRAEjSNiQnAuZWXq5aYmTiKCb2Pd5bWlhWJT\nEARNI2JCcB6KR2LkSODnP6cfwtpDIfgeikdixAh+JoKCbD0UgiBoEhETgv2YzV2PtbSwyuWwYUxt\nREaqHort210/RsH9tLXxMzFkCFMbymfCzw/44ouuBsyODv4IguDxiJgQ7KOtjdv9jh9Xj1kswJ49\nQL9+wPLlaj5c8VA88YR7xiq4F5OJW0StPRKhoeznUV9PQ6ZCRwe3Cu/Y4Z6xCoLQK0RMCPZhNAJD\nh7Is9vHjFBI7dgAZGcCUKZxArAkL67qTQ/AdYmO7mi379QNGj+bn5swZVUhkZgLDh7tnnIIg9Aqx\nUAv2odMBCxbw8u7d/NHpgMceAyZMcO/YBG2g0wEPPcTLO3bwR6dj7ZGxY907NkEQeoREJgT7sRYU\nAFefIiSE3qDTAYsWqdeHDBEhIQgaQsSEYD9KakOnY92A4mJbD4Ug3AsltaF8hq5fZ8pDEARNIGkO\nwT6sPRKPPQaMHw/s3890BwDMmOHe8Qmej7VHYulSICWFnx/FfDllinvHJwjCPRExIdiH2cyiQ9Ye\nCSXlUVFBsSFlkoW7YTazmJm1R0LxUEj9CUHQBJLmEHpOZiZXi9b1AJQKl2PGqMcUD8Ujj4iQEO6N\nycQmYNYeCZ2OEYmSEm4bVWhpYdGrwkLXj1MQhDsiYkLoORYLawEogqKoCFi/nmWyO6PTiZAQes6d\nPitlZayQWV9PIfHxx0B+vnQYFQQPQ9IcQs8ZP56/v/iCQqKyEoiKYiEiaR0uOJroaBY5W7cOeO89\n1qeor+fnbdAgd49OEAQrJDIh9I7x44Hp04Fbt4DmZuDZZ0VICM4jOpoVMmtq6J948kkREoLggYiY\nEHpHURFw7px6fd8+CTkLzqOlBdi1S72+b5+th0IQBI9AxITQcxSPRL9+wG9+wx4bGRldTZmC4AgU\nj0RJCfDSS8DrrzMapngoBEHwGERMCD0nK4tCQvFIjB8PPP44kJPDrX2C4EiKioDyctUjoXgoWlpY\n1EoQBI9By3b7SQDS09PTMWnSJHePxfuorweCg21d9i0t7BIaEmJ729ZWtpEWBEfT3WerqgqIiLD9\nbLa1sfiVv79rxycIGiUjIwOTJ08GgMkAMux9PIlMCF1pbaV7fudONX3R2sr9/du2db29CAnBWXT+\nbLW1Mc3x9dfqZ7OtjZ/NTZsk3SYIbkLEhNAVPz/g/vuBU6coKFpbmbsuKuJxQXAXJhMwdy77dnz9\ntSpyCwv52ZTaJoLgFqTOhNA9DH8B27dTVPj5MXedkODecQnCxIn8vW0bcPo0Bcazz7LTqCAIbkEi\nE8KdSU1VL0dFyf5+wXOwLr0dGQkMHuy+sQiCIGJCuANKasPPjw28iopsPRSC4C4Uj4SfH6MUZWW2\nHgpBEFyOpDmErrS1qR4JJbWRkMCUh04H/OAH7h6h4Ku0t6seiZUrmdoYPBj48kv+/eGHxTchCG5A\nxITQFaMRGDAAePBB1SOheChk9Se4E4MBiI0F5s1TPRKKh6KtTYSEILgJERMC9+frrTJeOh3w0ENd\nT8yKoBAEd6HTAYsXdz0+bhyFhjUWC3/0ks0VBGcj3zJfp7UV+Nvf2FpcoaODYeMdO9w3LkHoKW1t\nwNq1wIkT6jGLBfjqK3a4lWiaIDgdERO+jskEDBxIP0R6uiokzp0Dhg519+gE4d4YjfRN7NpFQaEI\nifR0YNgwSX0IgguQNIevY22o3L5dNVk++aTt1lBB8FR0Ovp7AAqKXbt47NFHVT+FIAhORSITQtc8\n9JAhIiQEbWEtKACaNEVICILLEDEhqKkNnQ4ICmJHRmsPhSB4OkpqA+BnuLjY1kMhCIJTkTSHr2Pt\nkXjySVYW3LmT6Q5AdnAIno+1R+Kxx1hkbd8+pjsA4L773Ds+QfABREz4OmYzUF1t65FQPBRlZe4b\nlyD0FLOZbcmtPRJKyqOsjGJDTJiC4FRETPg6JhOwerXtyVaqXApawmhko6/On2FFUIiQEASnI54J\nX6OpCSgpsT1msQAFBbbHdDo5CQvaofNnVflMdz5eUMDUniAIDkXEhK+xZw8L/BQV8XpHBwv7rFsH\n1NS4dWiC4DByc4EPPgCOH1ePZWXxsy/mYkFwOJLm8DUeeoiRifXr2cTrxAngwgV6JsLD3T06QXAM\niYnAnDnA7t28HhYGbN1Kg7GYigXB4YiY8DUCAoDnnmMkYs0aHnvqKZ5kBcFb0OmA+fN5WREU48YB\njz8uvToEwQnIt8oX8fMDQkPV61FR7huLIDgLnY7dbxViY0VICIKTkG+Wr6F4JK5eBZYsAeLjmfJQ\nPBSC4C1kZTG1MW4cMHs2sHevrYdCEASHIWLC19i9W/VITJ7MlEdkJAVFba27RycIjiEvT/VIPP44\nsGCB6qE4d87doxMEr0M8E77G5MnsvZGczOuKh+LcOdvUhyBomYQE1pm47z41tTF/Pj/jI0e6d2yC\n4IWImPA1YmL4Y01AADB9unvGIwjOwGgEZs60PabTAdOmuWc8guDlSJrD2ykvB1pbbY81N7P8sCD4\nEsXFXQtWVVcDjY3uGY8geBEiJryZjg7gk0+Ajz9WBUVzM/0Rn37KKoGC4As0NrKI1RdfqIKiuppF\nrHbscOvQBMEbEDHhzej1wBNPcEX28cc0WK5fz6jE449LuWzBdwgKYiOwCxcoKCorKST0emDxYneP\nThA0j3gmvJ2EBDZB+tvfgP/6L+aSX3rJdv+9IPgCKSn8vXkzkJkJREQAzz/P6piCINiFRCZ8gf79\n1ctGI9Cvn/vGIgjuZOBA9XJEBBAS4r6xCIIXIWLC21E8EoGBwCOP0Cdh7aEQBF9B8Uj068ceNQUF\nth4KQRD6jKQ5vJmODuDDD+mRWL2aqY0BA4CPPgI2bGB9CfFNCL5AY6PqkVBSG0rzL5OJ1WAFQegz\nzhYTrwH4FYBYAOcAvAHg9B1uOw/AN52OWQDEASh10vi8G70emDIFiItTPRKKh6K6WoSE4DsEBgJT\npwKpqapHIiWF34HgYPeOTRC8AGemOZ4G8HsA/whgIigmdgPof7c7ARgJYMDtnzgAZU4co/czcWJX\ns2VCAk+qgktoaQGys22PWSzA+fOyO9dl6HTArFldzZbJyawIK/g0V650LTdSWsqNcELPcKaY+CWA\nNQDWAcgG8AqARgAv3uN+5WAkQvmR062gab77Dti4EcjI4HWLBfj6a0bYCwrcOzZB8HVaW4Evv6S1\nTBEUpaXMiu3Z49ahaQpniQk/AJMA7LM6Zrl9fcY97nsWwC0AewDMvMdthc4cOAAcPGh7LCeHRara\n290yJF9n+nRG2L/8EkhPp5A4fZplD2RR7Cbq6zlblFkFPs1mbhu9eNFtwxJcj58fsGqVWobn+nV+\nNMLCgKeecvfotIOzxEQ0AAOAkk7HS8H0RXfcAvAygCcBLAVwA8BBMEUi9BSjkWJCERQ5OcCmTQzz\nikfCLeh0wMMPU1Bs364KiUmT3D0yH0avB5qaVEFhNgNbtjAfZRRfuq8RE0NfbnExPxImE/3pQUHu\nHpl28KRvzeXbPwrHASQC+AWA5+50pzfffBMRERE2x9LS0pCWluaMMXo+c+bw9/79wOXLQEkJMHo0\nsHQpYDC4d2yC4CkEBXGH07p1wN//ThNmVRXw9NPAqFHuHp0gOJQNGzZgw4YNNseqq6sd+hzOWqr6\nAWgAIwxfWh1fByAMwBM9fJz/BDAL3ac7JgFIT09PxyRZ4nXl/feBmzd5+X/9LxESbkTxSJw+zR2I\nxcUSnfAY6uqA3/+elxcupElT8DkUj0RYGKurb9rEy94cncjIyMDkyZMBYDKADHsfz1lpjlYA6QAe\n7PRcC8CIQ0+ZAKY/hN6QkwMUFanXjxxx31gEnDypiofJk9WUx5dfAvn57h6dD2M2U+UpHDtm66EQ\nfILWVpbjUcTD0KFMedTWMvMl9Axnpjn+C4xEnAFrS7wJIBDAB7f//q8A4gGsvn39TQDXAFwEEADg\nJbD2xCInjtH7UDwSSmrj2DGmPABg3jy3Ds1XmTiRlZvHjOF1xUMxeDB/BDegeCQuXwaeeQYYNIgp\nj7VrOZP0v9cOdsFb8POj0B84UI1CKB4KKY7ac5wpJjaBNSX+GTRdfgdgMdS6EQMAJFjd3gTWpRgI\nbiE9B0Y2DjlxjN5HZqatR0LxUGRmAjNn8psjuBR/f1VIKOh0UurDrVRXAzdu2HokFA/F5csiJnyM\nkSO7HouJcf04tIyW7f3imegOs5m/O3sk2tpoURYEgXT3nZDvieAjONoz4Um7OQRHcCejpZwgBcGW\n7r4T8j0RhD4hXUO9ge46gEpXUI/BYmH5gs6ls3NzWWpb8ADM5u6Lusn3yOu50/fz2jU2XRZ6hogJ\nrVNaCrz9NovLK9TVAWvWACdOuG9cwvfcusVy2l9/rZ6wLl5kJ/iTJ907NuE227Z1rRJ79Cjw7rsy\no3g5xcX812/frn4/s7PZXPl4b/Ye+jgiJrROVBS3BGzcSEFRV0cTWWtr964iweUMHEi3+OnTFBRZ\nWdxIkJICzJ7t7tEJAIDx44G8PFVQHD0K7NtHl6y/v7tHJziRuDjgscfYQ2f7duDSJW6IS0oC5s51\n9+i0gxgwvQGlp4DSmjIsjM70qCj3jkuwISODtSUAzlFPPMGqzoKHkJsLbNigRifmzuV2ailD7xOc\nPQt88QUvJyezL4c3fz+1UrRKcCUGA/CDH6jXZ80SIeGBBASol/38ZI7yOBITbQt/zJkj/yQfQr6f\n9iFiwhuoq2MJt+Bgbo7es8fWQyG4nYsXmdpITWVJbaV7aGfTl+BGjh6l627QIDb7kk67PkN2NlMb\nKSlMSZ47Z+uhEO6NbA3VOtYeiRdfZKnFzZvpoVixQnwTHkBhoeqRUFIbOh1THuHh4pvwCBSPhJLa\nuHaNKY9PP2VhK+kk6rUUFakeiaVL+f3U6+nJDQ8X30RPkW+INxAWBjzyiJraWLYM+Owz945J+J74\neEYjxo9Xc7CTJjGsOnSoW4cmWGPtkUhMBNLSGEISvJoBA7p+PydMoO9Wyt33HC1nhcSAKQiCIAh9\nQAyYgiAIgiB4FCImtEp37eykxZ0g2I/FIt8vQeglIia0SHk58Oc/09mn0NQE/O1vtCELHkdzM8sY\nWGOxcJeHOMY9jN27gc8/txUPmZnAe+9JNUwv5Pp1oKHB9lhlJSvXCj1HxIQWCQ0FgoK4HbSwkELi\nww/5DYiNdffohG44eZLls7OyeN1iAXbs4MaboiL3jk3oxODB/EcpgiIzk5cHDJBqmF6G2cxCVevW\nqYKispLXv/pKhH5vkN0cWsTfH3j2WRaPf+89HgsMZNXLAQPcOzYNUFdHDRYYCCQkuKbK3Zw5DCht\n3crr166xIuZjj3G3h1NpawPy8zkxDhkiE+K9UMofbtkCnD/PYxMnsgCBVDLyKgwGYOVKiod16/gv\n3ryZO4Gfflr+3b1BxIRW8ffnCe8Pf+D1Bx8UIXEX6uuBAwdYfuPyZZ4kTCbuql20iAVEx4xx3vPr\n9awxAfBkBQCPP84taE6ho4PbGr/8Ejh2jNErs5kvfMoUbh+eNUvqJ9yJ5GRg1Ci1RP0Pfygzi5fS\nvz/XYX/+M/D++9yy/aMf8dwg9Bw5k2iVpiYW1DEYOFPt3UsxMXCgu0fmcVy/DvzTP7GJalUV58/6\ner51/v6cL77+mmUFnn2WpXSdgU5nO3ebTM55HtTVAX/8I7BrF1BQwMhEUxM/J0FBfEO+/ZYq6ne/\nY2UewZbMTCAnhzNLSwtj4dJMxWsxGNTLOp3tdaFnaPktiwPw8ssvv4y4uDh3j8W1KB6JqipWvVyw\ngO6+48eBYcNEUltx/jzw298Chw4BtbX0z7W384RhsXBuqKtjnvT0aXZ0T0kBQkIcOw7FI/Hdd0xt\n+PlxTNHRrIDuMC5eBP7P/2GIvqREVU0AIxNtbZwcm5qoovLzWUErNNSBg9A4ikdiwgQuUWNi+M+q\nqGD4SiIUXoXikQgJYcAuJ4dfo+Rk5y0sPIGioiKsWbMGANYAsNu5JTJbizQ2ckZUPBKKhyI2lgJD\nAMD58o9/5NxgMPAnIIDH29s5r9bXM1oQHc3MwP79wJ/+5PhdgEePqh6JiRO5yE1JoYfCYa7xmhrg\n97+nYjEaKSoNBqols5kvuqWFZhGTiS/y8GHuAhJUSkspJBSPhOKhqK7mh0bwGsxmrsuMRp5Ohw/n\n78ZGpkRC6/s5AAAgAElEQVTFgNlztCyxfbsCpsXSdYXU3TEfpb0d+Ld/Yw60uZlObeXtUXo3dXRQ\nh/n5MfpfV8f512QCnnsO+PnPHZcBaGxkxsHal6FsFBg/3gH/ths3gH/5F6Y2AL6Y0FCqpeZmPpnF\nouZWlCcMDeXPW28BTz4pnx9AnUHk++UTXLnCdZh1QLesjIsOby6nLRUwBdLdSU1OdN9z6hRw5Ajn\nzvh4RiSMRnVh2dZmG32orqawiItj6uPwYWD9esetTIKCuho89XougO3+tzU1Ae+8A1y6xBcRG8sH\nra1lZEKn4xLMbOaLbm/nGxMayttaLAyRXL9u50C8BJ1Ovl8+xMiRXTPD/ft7t5BwBiImBK/kwAEu\nys1m5kQjIjjP6nScT/V61bva1sa/DRzILEBwMG9/8CCjCR5PejpzKLGxDLPo9aoRt61NdX4aDHzx\nRiNfcHg4Q/oGAyMbp0+793UIgqBZRExoiUuXgLw822NlZTIJdOLaNWDnTgoBs5k2kvJyWgUCA7kS\n+fd/B37xC/pV/f25Emlp4dtZUwNcuACcOQP8v//n4UWlsrJo8sjK4uejvp4D1uvZRdbfnyaNf/5n\n4Ne/ppkwKIiRiVu3mH9paeGbtnWreG6s6eigomxqsj2enk5zqyAI3yNiQitYLDTWffKJKijKymhD\nPnNGNQL4OBYLsGkTRURwMEOVI0cyzdHWxs7S//RPFBJvvQX8x3+wDbiS8jAYgMhIOrtDQ7lJZs0a\nx/ju2tuZfrFOnVgs/Pf1qUpzWRnw7rsMvQQHc8Dh4RQSSn5/yhTe5le/oqD42c/oNm1t5W1HjaKJ\nNzSUE+Tu3fa/UG+hpob/sPXrVUFx6hSwfTuFm6BplO9eS4vt8exsLj6E3iFiQivodMDy5axg+Mkn\njEasW8dJZPVqKT50m+Jibu1KTeXCvKyMk3i/fnwL580DHnmEt9XpgIULgd/8RvUzKFtCGxooPFJT\nOW8otYvs4fp1Rkx27OCJzGIBvvmG1y9f7sMDZmSwlOe0aTR7VFdTNfn5MSIxfTq3iaakqC949Wo6\nPvV6qqamJoqRQYOoqk6ckIZWCpGRfL9qaigoDh1iQZIZM4C5c909OsFOamtZnuejj1RBcfEiFyMS\n7O09Iia0hNEIrFjBMPVXXzGkvXo1rwsAGLXPz2ckuqFB3bwQHs5tX08/zfnWmiVLqNMsFrVI5Jgx\ntCDk59NOkJ1tvxlzxAhuDc3IoIDYv58m0UWLgHHjevlgHR3MxRQVMVI1ciRzNu3tfBEmE/DKK4xM\nWNO/P7B0KcVDUJDqp6ioYJM4JTckkNhYfseKimjEmTiR/zAxY2qe8HDu2iotpaA4e5blWVJSgIce\ncvfotIcsZ7VGVZVtXK6khJOIAIsF2LeP0YnGRjWabzDQUJmUpC7SrTGZKDIyMykaRo5kNOL4cS7c\nW1q45zwoCHj4YfvmEaV89hdf8PfChcDMmb18kLY2rpQVY0hlJc0gY8bwBWZlsZDFnDnd33/aNGDs\nWE6QdXWMUuj1PKv6+zNcImdTlfx89XJxMXNSgYHuG4/gMAYOpKB47z0uGkaNkkKnfUXeMi2heCTC\nw4Ff/pJLXWsPhY+Tn08BMH48hURDAxfd5eWcJ5cuvfMcYDAw/REczAW6knYwGlmzKCKCq5Zr1+wb\no8XCIIBCZWUfIh4nTtDbMGIEhaROR4Fx7hyFxODBrIp6JxISmO/JzVULcDQ08H6DBzOU39jYl5fn\nfZw6paY2XnlFTXl0NmUKmqWmRr3c2Ch1yfqKiAmtYLGwaZPikQgLY8pjyBCW/hUDJm7e5EJ71Chg\n9myKgJgYXlf8D3dj9mzgpZcYiWhro/Vg9GhWmx40SN3l0VcUj4SS2nj8cTXl0StBceYMl04DBjDK\nMHQoIwqNjfxcvPYaX/Cd0OmAqVMpRBQD5oQJbPw1dCjVV3Fx31+ot1BZySJgM2bwHzZggOqhOHDA\n3aMTHMDFi1wkpKaycnpZma2HQug5kubQCjodS/qaTKpHQvFQKN2rfJzAQC4Yz5/n26WkNoqKuFnh\nXp23dTrggQc44V+6xIW/4q9obmbKpE+7Lm5z+bIqJKxTG9u2Mdza40Ku9fUUj62tFA/Tp/OFZ2Wx\nBHRPDBghITRtRkTwRd66xUhFayv/Jj4cunZ//GOKCCW3FRvLfjjSHE3z1NRwN3RKipraeO45Bp72\n7KGXSug5MgNpie5OYEYjTXUCioqY96ys5HxoMHA+iIxki/GeNu2ZOJERCKOR0f9Ll2hNqKvjgnTM\nGKZSesuoUcCqVbZBgwkT+G8dMqQHD2CxsO7Bd9/RYZqXx+jC6NH8e3AwFVBPGDSIy7G9eylGa2tp\nvKyv5wBLSqSlPUDB1ZnoaNePQ3A44eFsaTRkiOqRGDgQeP550Yp9QdIcgldw6xZX+KNH8+RgNHJu\nzM/nnPjwwz1/rPvvZ0QjM5Nz7blznGMTEpgB+POf+7aVU6frPvswbFgPDV+HDtEpZjRyhVxRwZz+\nvn3A1auMUCgOz54MZuVKXi4spFBR8jrR0fTiSKxX8HK6++7FxUlgri9IZEILtLerPRYUlH2Mkt4A\nwNxnZSU3KYweTcNlWxtDmeHhvTPfR0ezqNVf/0rRMGQIrQSKSMnKYoRi1CinvZyutLUxf6/X0wwy\ndCgLV1y7xtzLo49yf+u9cjnWGAw8c0ZGqt3O+vdnqiM/n2mP5GRnvSJt0d7e9bum7CMW678giJjw\neMxmYO1aLmnnzePJy2Kha6+uDkhLkz3v4LleMTGaTGprihs3+uZN7d+fwiQlpatxMyyM86xLqa2l\nOywqiteDgjjRJyUxJ5Oc3PvllFJPIjaW3gkFg0FtWS5QrL3/PiM/U6fymNnM6kYhIZJcFwRImsPz\nMRg4YRw6xHy5IiQyMjiBiJAAwNoQej03OmRlcWdHSwujFZMn9+1tUjoJWtdwslg4r9uTNr9wgf9O\na0pK7rEpJyiIRsmaGtutH42NPN657WFPiIlhJa/CQho48/L45p06xccbPrz3j+mN+PvTi/LVVyyN\nqAiJq1e7toIVNMGJEzxXWHP9OncBO6pTsK8hkQktMGsWf+/dy1lIp2MpxZ7mx32AmzfpZ7h6lScD\no5GLxkWLWBiqL0yYQJ9ETg7n1aIi+ijq6pg6OXyY20l7G+VWdhZaLAw2lZSo5UO6i6ajpYW+iBs3\nuFUlPp7hkpAQpjkmTaKa6i16PW3sOTlUMi0t6gDCwykyFHOnL6PTqUW8vvqKPwYDd1L15X0X3E5V\nFXDyJC9PmUIh8fHH/L5L9rhvyFumFWbOpJgAuGrsy3YCL6WsDNiwgSeC4cNtm2GmpPR9U0K/fsBP\nfsKtYseOceEeEMD5o7EReOcd7vb4wQ9697izZqnVOktKaE9QSvt2LvUNi4VKY/du3kjxShQW8sXN\nnMkN8gZD315kSgrfuOxs7gYJC2OOqLycG+7/8R/lzApQUDz4IJe0ANOOIiQ0y+LF/L1jB79/2dn8\nGqSlyce9r8jbpgWU1IZOx2R+aSlTHoqHwse5eJGCIiWFi+3Bg3m8oIBR+46OvnvkkpPZcPNnP+Nc\nnpysmjnz81nRes4ctUFYT5k9m0Li/Hlef+ONO5hEr10Dvv2WE3y/flRLEybwjklJwP/8n/ad/YqL\nOZBZs2jEVAgN5XMrfT98HbMZ2LxZrc1++TJTHoqHQtAUOh0FRX6++h1MS1N7+Qi9RzwTno61R+Kx\nx4BXX2Xc3tpD4eMoPoPOuspo5CYIe5tgVlXxbbYWEgAtB+XlTH/0lpISWxOnEnLtQmEh96UqE71O\np7YOr6uzf/um0hissyBR9tZKbWFbj8SKFcDrrwP33ad6KARNkp9vW9r+3Dn3jcUbkMiEp2Ox0E1u\n7ZFQPBTV1e4blweRmMiFdFkZF+8GA9+2sjL227A3bBkYSA9e5/5Ozc083ttNFNYeiTfeYP2pffv4\nt3nzunlyg0Gt72395OHhPa/EdSfi4hjfvXpV9UeYzTShxMUxreLrmM38sfZIKB4K6dGhSaw9Emlp\n/P7t2MG/dW60K/QMEROejl7PMtqdl91K4l3SHBg0iJ7EL77gQj00lPPs5MmOaX4ZH88K1YcP09MQ\nGMhoRWYmTzz9+vXu8U6eVD0SgYFMeQD0ZUyZ0illMmgQn/TMGYrJoCA6OKuruSXR3ris0Qg8+SQr\nce3fz8duaGAo/5VXpDsmQMG2cqXtd00xZcr3T5N8+60qJEwm1UPx7be0o0m6o/eImNACdzphyYkM\nACtfXrnCk0NdnVoZes4cHrMXpVhkXR39GTdu0LZiMjF1/r//N8tk96QlBsBoSVubrdly9myW8Q4O\nvn3AYuHk/vnnqkvz+nW+oPh4YP589QxoL5Mm0X9x7hxf7KBBFBHKmXX6dMc8j5bp7rsm3z/NsmwZ\n/32KaFA8FHPnipDoKyImBE1TUcGmPJGRNGAqXL1K4/0jj9ifCQDoj/jtb9kY6P33+VzJyZzz8/KA\nNWsoKmJi7v1YBkP3my++FxIAXWHr1/OG06ZxK2hmJhXIyy9zF4ejKi8WFdHOPnUqC1gp5OTQFzBl\nSt93iwiCB9LdOUGnkzLa9iAGTE+mvZ1VlzpTWur6sXgohYVMOXSexGNjuVGhrMxxz2Uyqb6MCRN4\nQvL3pxfy1i16ZB3G8ePcfzpkCCfykBC2wjYYmOJwZAnnmze7fxNjYtQ3WKBy7O67V1oqRmjB5xEx\n4cns389lsPUJ7OBB4N13uY1AQFAQJ/XOrcGbmvpmjrwXZWVdH1Ov56qmtrZ3j2WxMHXSmdpa8H/e\n+YmUPhA1Nb17ontxpzdRcZiKb4JcvMjv3qVL6rHsbB67cMF94xJ6TH29bUVbgGu2hgb3jMebEDHh\nycyZwyJCa9eqtSUOHmS+XNogA2DXvzFjmGpQ5sKGBkbup0yxLZ3gqOerrbVdiCq7J3tbHOvgQaZH\nrLenpacD//3fQE3UcJ75rJ9I2QPbXVtsexg1iuWir15lky+AKqe0lNEQm/yLD5OUxNzW5s0UFNnZ\n3DKalGSbYxM8ko4O7qLaskUVFO3twKefcmeHBJfsQ8SEJxMURMt/WBjwl79w9nnwQdX+L8BgYNmN\ntjbu5ti8memGqVNpsnI08+YxhaJ0KS0uZiuLyEi1WFZPmTqVC/+1ayko0tOB7duByZMsCJuYyJ0W\np07xj2VlfNJRoxy/d81kYhXNoUO5ZeXTT9mhNCyM/dgFotdz50tyMt+jjRspJJYulc6hGkCv5+nz\n8mUKitZW/hvz8nhc/LT2Id8ATycoyHaWcmnfa88nLw/45BOeCEaPZnTAZOJv60aYjmLYMNYsmjiR\nmyxOn6aFobgYeOstipnOYdQ7ERICPP88BcWf/kQhMXNcPRZffwe6NX9lOkN5kro6RqRef71vTb3u\nRWwszSAmE3dzjBzJ5//73x2fVtEySgt4heRkERIaYvRoYPlyBpbeeouF4555RnraOQLZzeHpHDzI\n1emsWfzkr13LGagn2wZ8gN27uVVz/Hj1nF5ezgKh8+Y55ySRkkJR8bvfMaWSlMRNFqWlFBORkVzp\n9ISQEG7UOHCA12fc3ATdgb3cAjp9OifyK1f4pK+95rzlU3o6cPYsd44oHom2Nu4qOXas9w1IvJXs\nbC5rk5L4v9i6lR+8pCR3j0zoIYmJ6mU/P3qcBfsRSe3JHD2qpjYWLlRTHmvXdr/Lw8dQ5rr+/W0X\nh1FRtBvk5TnvuS9e5A6O1FRaCgwGWhn8/CgMelrCOz2dt09JAQYFViDvkxNoihjAKIFeT2WSmMht\nmn2p291TcnOZNLY2W5pMVElZWc57Xi2Rm6t6JJYtYzE5xUNx9aq7Ryf0AMUjYTRSq7e12XoohL4j\nkQlPZsQIfurvu4/XFQ/FsWMsoejjGAycvDtXNO7o4KLREfUl7kRNDZ/H39/2eGgodV5bW9e/dSYj\ng6mN6dNZMKcxqxY3tzTifF48UmOs5nWlVnhNDQtWOQM/v+4VUHu77OZQiItjhPCBB1T1+uSTFHyO\nNsUKDqejQ/VIKKmN4cOpD7dsYfpDfBN9RyITnsyAAaqQUAgKYqRCighBr6cXtapK3drV0cGTRWys\ncw32MTFcuHfeUlZZyQxFT4RMTAzHv3gxT2LBQ6IxbFIEYoyVtvevrGREypmprfHjmXMpLlZt7RUV\nfJMnT3be82qJoCBgwQLbMJhez2Oy48XjUYq7WnskFA9FQoIICXuRyISgaR56iJaCAwfozg4K4olh\n1are98zoDUlJLFx14gQ1X0AA6zu1tdF20JMT06BB/PmekBD43TcZQ29sBgramK+praVaWrqU151F\nUhLw+OOsTX7iBN/M0FDgiSekzbbgFeh0LJfdGaW/nWAfEpkQNE1hIRfuHR2sM9HRwYW0s+c/o5FV\nrX/4Q2YCzp5lSr2hgaHUDz7oZSGc4mLg7bfpHG1spBnk4kWqlGeeYX7emeh0wKJFXLK1t/PNtFjo\n07AuhCEIgtANEpnwVCorGUK13t/Y2sotAzbLWd+ltpZFnwoKWHrBZOJOyv37uYO2u1WII4mIYHmG\nwEDOucOGsZZYXR29EK2twE9+0oMoRXMz8M477L2RkEAldPMmwxwrVriursgXX1AVjR3LF9fQwG2p\nBgPwq1/JFkiFvDzW5LD+xxYW8p9/L6OMIHgpcnbwVLZv566N6mpeb21lQYUNG9QqhT7OuXNspjl6\nNM/hej19cHo9F/iuoLGRWYHYWJYDCQri5YED2Wr81q17P4b57Hnc3HsJlbFjmJsJDgZGj0ZZpR7X\nPjrm/BcBUAEdO0ZfRmQkJ8qQECqkCxecuzVGS5SVsQHb11+r3pLr1/ldddWHTugVBQWMFiqVagF+\n3D/6SD29CvYjYsJTeeIJzopKKe1PPuHMtGKFc7cpaAilr4WxU3wtJIS1JlxRHreqipssOhfIiojg\n+HrUQqW8HB3mDly47P/9jt+CAiC/JgJ+xQWueSF1dVRGnY2EISHcLtNdExFfpH9/4NFHgTNnKCiu\nX2ct5oQE7vIQPI6ODu7c3biRgqKujqfVsjIpoe1IJM3hqYSFsTjVmjUspQ0wpp6Q4NZheRIDBlBI\nNDaqPbEsFmaI5sxxjTs7PJw+xdpa/laoreW83JPeIIboSAxK0KG2rRUXLvghLIwrpqTwWsRMHeea\nFxIVxZ/yctsKm+XlVEa9bTzizUycyN/btjENNGwYkJbGPJvgcQwdCqxcSc333ntASwuPr17t+N49\nvoxEJjyZgADbKIT1bCVg7FjuaLxyhf7FykoWKIyI6HkFSnsJCaE3Q+nT0drKipznz9Pa0qPyA6NG\nQR8RjuS6k/CvL0ddeQviWvMRE2eAbr6LVrv+/qxy2dpKJ2l1NV9ISQmVmYgJW6xnofDwruExwaMY\nOpQBpdJSRhJXrnTubi9fRMSEp6J4JOrrWW2vXz9bD4UAPz8aHKdO5bx35QpPGq+95tomjo8+ytpF\n7e0sWHrkCNMfOTms/19QcJc7f/cd8K//CpSUoPF6KYZf24eBhSdRYw5G0YJVXeuMOJP584GXXmJI\n5dIlKqSHHgKeftp1Y9ACSmpj+HDg4Ydp3rH2UAgeR10dv5sKu3fbeigE+xEx4als2UKPxKpVnBmf\nf171UIgBEwDfhi1buIPSZOLisLq6a0VMZ+Pvz5XO4sXMEEyfzi2jQ4dyg8aaNWp7dBtu3WLc9cYN\n3IgYi4yBj8KSnIKh48JRtWQ1/n5rMa7muriSTlUV30CTiZPjyZPAnj0yUSqUlakeibQ0FhVRPBTW\ns5XgMSgeifZ24Gc/46m0oED1UAiOQcSEpzJrFoWE4pFQPBTz54sB8zaHDgH79nFH3oQJTGU3NtJs\nX1Li2rF0dLDPRv/+bKVhMHCBP2oUIybdtrdITweKimAeMRq3yv2RMNyE/g+kQm8y4MH+Z5GYyJu4\njHPngM8/pwFl8mTmkAwGVbEJ/LA9+KCtR2LiRIamFC+F4FFcvUohsXo1A7yKh+LWLdefJ7wZSfR5\nKt21sgsLA8aNc/1YPJSjRxkVUHZS6PX0wmVlMSKwcKHrxtLaykV9Z1uLvz+bCHXbxbuqCtDrYTDq\nMHky522dDkBgIAwVZVj2I1eM3IqMDLrTYmPVY/HxNICcPeva3JGnotMx9NSZ1FTXj0XoERMnsh+b\ndQmQoUOBN9+UsiCORCITgmZpaOgapFHqKnWbVnAi/v40XHZu5lpfzzFaz8/fo7gz29thNN4WEhYL\n7zR0KIxGF/v66uu7f0KDoZflPAXBs+hONIiQcCwiJgTNMnYsF/fWzS7r6jh5dxfYcSZKNWo/P6Y1\namq4uyM3lyujMWO6udPUqcyJZGVxC2ZVFS/Hx7uu6qU1o0czxGKdSG5t5Rs8YoTrxyMIgmYQMeGJ\ntLeztKM1FgtnJjHCfc+CBRQN58+z+vS1azTaz5jBsKarmTqV/ToGD1Y33Tz6KHecdNvkNSICeOMN\n7i1tbgbq6mCZOAnHJr2OG7rBNjfNzKTHz6nMmMFUxsWLt6tm5XNXx7hxNBoKpL2dH7TOyPfTYygu\nBnbutF1oNDWxYryrDdq+gngmPJGTJ9lgYtkydnO0WNgW8/Bh4MUXOVsJSEgAfv5z4MMPmdIPD6dn\n9aGH3LPtX6ejb3baNPbGCgzkmO6K8iIqKwGzGeaIaOR8rMehj4Bnn+WfMzPpi5w4kR8Fp9WwCg/n\nWLZv5965jg4afleuZEENgZw5wx0uS5eqPpKDB/mzejWNO4JbqaxkPbGmJjbDbWmhMbumBpg5k99N\nwbGImPBEZsxg56jNmykoioooJBYtEiFhRXU1sGkTC1XpdNzJkZ7OCMHAge4bl8nUyxpPOt337cWN\nUKv1ffQRgwJnznC3ypIlLiiGeesWd3W0t1O5nDnD3R2rVskuIoVp0/g+bd3K62VlFBILFoiQ8BCS\nk7nB5rPPGPSrqWEKdPVqtp8RHI+ICU9Er+c3AWCHGoBCYuZM943JA9m8mU22EhO5cG5uZoT+gw+A\n3/72DqkFDeDnR0Hx1ltcXSntIJwuJKqrgfffZ5nAMWP4BlZWMl6ckMDPoMDv5+OP8/Lmzfy9YAEr\nhQoew9ixPCfs2MHrr7xyByO04BDEM+Gp6HS23aOkiLwNVVWcaOPi1Ah8QAC3fGVna7/JZXa2ermm\nhp4Qp5OZyRX3yJH4fntJVBRjwocOiR/AGr3e9jsptZk9jqYm2zotx47ZeigExyJiwhNRPBJHj7JY\nwtixXAFduuTukXkMjY3Mg3bOfQYGcgNCY6N7xuUIrD0Sv/0tBdNHH7FkuFNR3rTOIZ3AwDsUyvBh\nDh6kwJo/n7morVvvUJlMcAdNTapH4qc/BZ56CrhwgQZMERTOQcSEJ3L6tOqRmDWLKY/kZAoKp88o\n2qB/f4YsS0ttj5eWcsHoTs+EPbS1Ad98Q4/Eo4+qpboHDKC+dGpwYNAg5lis241bLHSTJiW5pnup\nFlBKZy9YANx/P1MeY8dSUHTehSW4hXPnKCRWr+Z5YuxYnkYvXgQKC909Ou9EPBOeSEoKT+oTJvC6\n4qEYPFi7s6SD8fMDHnmErS2ysxllrqtjtGL58u/9jJrDZGKn+ZAQde5WPBQdHU6ez5OSaC48fJgp\nNn9/qrOYGNeWE/V0kpMZvVHKZyseikGD+CO4nenTeRq1rkg7dixPoWFh7huXNyNiwhMJDlaFhIJe\nL3v9O3H//ZzvPvuMC8LYWK7mH3BR125n0V2neZdspDAYgB//mGbLnTtpTJk8mUJ21CgXDEAjBAV1\n7cMh30+PQqfr/nskQsJ5SJpD0CwNDSxYVVHB/hcNDcwCeVtT1e5SG05LdzQ2siBTayvf1Bs3GBs2\nm530hILgGO70PRHfsGtwtph4DcB1AE0ATgCYeo/bzwOQAaAZwBUAq504NkHjbNgAfP01/YGjRjFK\nsX27ulvPGzh/nltdW1rUY0VFwDvvUEQ5lPZ29ks/epR5o5EjeWzjRhZREwQPxWymSfn0afWYxcKP\n7RdfiKBwBc4UE08D+D2AfwQwEcA5ALsB9L/D7YcB+ArAfgDjAbwN4H0Avre5vba2a8eo9nYX7Q/U\nBiUlLBQaH8+u0H5+TO3HxADffssIvTcQFUXbwocfUlAUFdGlbjQyG+ZQcnK4I2HECHom/Pzo0QkI\n4Fm5vd3BT6hh8vO7zlCFhfIeuQm9nt/9r76ioFCExNGj3A0l3mHn40wx8UsAawCsA5AN4BUAjQBe\nvMPtXwGQC+BXAHIA/BnAFgC/cOIYPZMdO4C1a1VB0d7OUo8ffeT6dpgeSlUV0xqdy1WHh/O4t4iJ\n+HjguefYB+w//5OG08hIHgsIcPCTVVUxvdFZpYSH829a3m/rSG7dYrjom29UQXHtGo8dPeresfko\nSqO9GTMoKP7t3/ivWLwYuO8+d4/ON3CWmPADMAnAPqtjltvXZ9zhPjM63R4A9tzl9t7LkiW09a9d\ny1K9mzbxZPXUU06YQbRJVBR3PHQWDVVVNF5pdTdHd8THczNFezt3dDz9tJM+BtHRzBVZbw0F+KZG\nRzshFKJR4uM5cx05QkFx7RrwySesmOaObq8CAFVQAIziRUWJkHAlzhIT0QAMAEo6HS8FcKeuBbHd\n3L4EQBgA3+o8HxoKPP88Y3d//jNw+TKwYoW0gbaif3+et0tKGPpvbOSCsaICmDevBw22NERREbDP\nSmZv3mzroXAYI0dyF9G1awyFNDYynG82U81otT65M5g5UxUU69dTSKxY4Z4OcwIANbUBUFhUVNh6\nKATnovlP/ptvvokI67LTANLS0pCWluamETmIwED+KL2spVxvF5Yv57n70CHOeZGRPKa0TfAGFI9E\nZKTaXHT9enooVq1iIMFhGAzASy8x5HPqFKNisbF8U+fOdeATeQnW3dz69xex5UasPRKLF7POxJ49\nTHkAbP7ny2zYsAEbNmywOVatzC0OwlliohyAGYw2WBMLoOgO9ylG16hFLIBaAHdch7399tuYNGlS\nHxIhmioAACAASURBVIfpoSgeibIyzoxHjjDl8fzzIiqs8Pfn+Tw4mJ5Vf39Out50Ti8tZbj22WeZ\n2lA8FFu3MhvhUDEB0HQZFaX25oiMpKDQyy5yG5TUxogRwJAhnMmMRpbXFrefyzGb6U+39kgoKY+C\nAmDKFN/+t3S3wM7IyMDkyZMd9hzOEhOtANIBPAjgy9vH9AAWAPjvO9znOICHOx1bCOCYMwbo0Wzb\nxpOVktpITKSYWLsWePVV8U3cZtcurtJNJi4MlaaX9fVq01WtM348kJpqO5fHxwOvveaE+b2jg2/g\nwYMUFNHRLC964wbws591LaTmqxQXqx4JJbVhMHApHBREF6DgUoxGimzr74TiobBYfFtIuApnpjn+\nC9zJcQbAaQBvAggE8MHtv/8rgHiotSTeBfA6gH+/fZv5AJahq8DwfqZO5SyieCQUD0VOjgiJ2zQ0\nUEwEBbFELsD5r7CQ/oIFC7zHN9GdaHBKoODyZSaZhw1TSwVGR7No1e7d/EzKWZl7EB94gLF0xSMx\ncya/m4mJ7h2bD9Pdd0Knk4+sq3Bm7HITgP8B4J8BfAdgHIDFAMpu/30AgASr218H8AgYjTgLbgn9\nEYC9ThyjZzJ4cFezZWgoY3UCAIb/Kys511kTHc3NB0V3SqZpnIoKIDfX9lhLCxsb2c2tW9x63Lnm\ncFQUq2I6xfWpQfR6NuDrbLacNMl7FKwGKChgkMia2loG0wTX42wD5p9v/3THC90cOwRuKRWEuxIc\nzIVgYyOjEwqNjTweEuK+sTmTY8coHJQMWEsL8PHH3NUyfHj3/Qh6TEgIJ8rWVttmII2N9E2YTHaP\nXxAcgcXCXbklJewMOmAAhcS6dczWjRghG2tcjbiqBE0SE8OFYGGhWhahoYGrlXHjvLe56sMPM5K+\ncSOLVSpCYtUqO4UEwLaKQ4cCV65QpVgs3CLa0MD9tt7kbBU0jU7HeiuRkRQQV67wd3s7vRMiJFyP\niAlBs6SlMVVdUgJcuEBhMW0aJ1ZvzZMaDNypmZDAehMFBXy9Dul8HRTErqEjRtAAfOEChcTDDwMP\nPuiAJxAExxEYyM++0UhRXVFBa1lkpLtH5puImBA0S2Qk8NhjnPt0OqarfSFt3d5u2xnVoRXWBwzg\nro2AAJ6lJ04EHnnERT3QBaF3tLXZNrQVW4/7EDEhaJacHODtt4HMTPalqqsD/vY3tjDx1i6Bikei\nvBx44QVg9GimPK5edcCDNzWx4urGjVRnwcHAgQN8kx3eolQQ7EPxSJhMwE9+wi3T69Z1NWUKrkHE\nhKBJLBZg506mOFJT6ZEYMYJeikOHuPnAG1Fe86pVrJW0fLnqoejcUqPXZGQA6ens5z50KHcVpaTQ\nHn/kiCOGLwgOwWIBtmxhlO755ykkVq1itPKTT6R5qzsQm4qgSVpaGJmIibH1R0RFcVtofj7LJXgb\nCxawDIliMFU8FHl5DjBgXr/OmHFgoHpM6XV+8aJ31SkXNI1Op2bfFI+E4qEoLRUDpjuQt1zQJEYj\nS0nX1toeN5t5onF4mWkPITS0q2gwGBzUA04REZ1LBra1ee9eW0GzxHZu1gB+hIcMcf1YBElzCBrF\naGTdoOpqls8GKCRyc7lqHzvWveMDOK7Tp1kboksRLYuFgz16FDh71tZR2Qva2xk06ExWlq0xrUek\nptK9WljI8SlbQ3U66ZQkuJ3s7K5fk5s3WbxOcD8SmRA0yw9+wLYRp0/zJNPRwS2SL7zggJC/nWRk\nsG+IMi9HRLAJ0ZNPAvrmRvZZOXGCBaGMRoYWfvzjXi+rLl4EPvuMOzdnz+axgwf5s3w5kJzciwcb\nMYJ32rqVlbF0OlbDfOQR7rkVBDfR0AB8/jkQFwc88wzTGzdvsnvuyJHAU0+5e4SCRCYEzRISwm6a\n48czEg/QO9hd+NOVlJZyV0lJCXdbpKQwFbF1K/UDduxgA5HISP5x6FDg0iU22eplhCI1ld3B9+1j\nkEMREvPn91JIABQPw4axiIXZzEHPmsUztRSsEtxIcDCwciUrvn/yCcugfPghv+uPPuru0QmARCYE\nDVNfD/zlL1xEK0bMb75htOLXv+7at8NVfPcd0xpjx6rNh+LimJI5dqgNM28dYSt5xTkWEMCowJUr\ndJWmpvb4uXQ6FqcEKCgACon77+/DwLOzgT/8gamNgQNZwGL3bgqLl1+WNuSCWxk8mIuHv/+dXuG4\nOF6XEiiegZwdBM1y5gyLNCYlMb2heCWuXAG+/dZ942po4CTfee4NCgIqSttZz8G6oQhAQdHWphpA\nekHnzoh9nvN37aKQGDuWxauGDmWU4tgxBxWyEAT76NxiXPAcREwImkWpJWG9MjEYOE+7s3NgfDzH\nYV2Z0mIBamqAUan+VD1lZbZ3qqykPyE+vtfPZ53asE559IrWVrYg79/f9iwdEUHxc+NGr8clCI5E\n8UgoEYrycqY8+uhdFhyMiAlBswQH03TZudplayvnQHeQl8d8bmsrcPgwr5eVMYISFwc8MF9P56jJ\nRMVTXs7fZ87wxWRm0nTRQ86fV4XE/fcz5aEIikuXejFwpZ5E59rc7e0UF9a1JwTBxTQ0qB6JZ59l\nVvDZZ+mh2L7d3aMTAPFMCBpm4kRWhLxxg2kOnY6mRz8/YMoU14/nyBGW862spMBpaaGISE7mTotH\nHmHmAEOmc7C7dlENXL3KNEd9PfDBB1QCr71GN+k9SEqiP1LZCqt4KKKje3R3Fb0emDOHL6C6mmqs\nvZ05I0/Zayv4LMHBrJmWmKhGIgcPZpGqzhlDwT2ImBA0S2Iit4lt2sQq0C0trIC5fDmFhiuprgY+\n/ZQRidRUTuqpqQw0TJ0KvPGGVfZApwOmT2dDrX/4B15PTubvjg7u9/z0U/7tHgYIo7HrPK88d69Z\ntIjKbM8eLgWDgoDhw4Ef/YgpGEFwI0lJXY8lJLh+HEL3SJpD0Cw6HTBjBveZWyz0L3Z0cD60u09F\nL8nJYYOhIUNU0WA00gJx6RJtB124cYN3GjpUvZNezyXX1assUtEHjh/v2kojL49bU+9ayKq0lDkZ\ni4WqSKcDJk/uwx5TQbCP06e5M8s6hVlQAGzeLH03PBWJTAiaZssWTp6JidxpWVPDRl8mE/Dqq65z\nfCvejc7Pp9fzbx0d3dxJqTLZOfqg0/F4t3e6N62tbPYJMHORl0ej2pAhd+mm2twMvPsuVdGoUUy7\nlJayJsagQcADD/RpLILQFxTPEcCP3o0b7AYcH9/nr4XgZERMCJqlqoq7FmNjmd4AKCgsFqY9bt1S\nG2I5m5Ej6VMoLFRDrx0drDexYMEdWlsMHswBFhRwAldExM2bvN7Hwc+dy9/793PHS0EBhcSKFXdp\ngKR4N0aNUhubxMezQuc339CIIXvxBBcxaxZ/791LIVFYyI+jUv1S8DwkzSFolpoaznWdS2eHhvJ4\nTY1rxtHQQKNlYCB3Vx47xt/nz7Og5JIld7ijvz+wbBmVxvnzvNPhw4wI+Pmx+pVS2rOXzJ3L587N\n5UPcVUgAfLM6Orp2SAsNBSoq+jwOQegrs2YBY8YwstbaKkLC05HIhKBZoqLYl6qy0tbRXVnJOTAm\nxvljqK4G/vQnVuG0WDgX19czqLB0KXdx3LW899SprIZ55Aj3uDU1cSfFuXPs1jVvHg2QJlOvxpWX\nxwCHwvHjTHnckZgYqo2GBlrnFSorWa+8l88vCPZSUMBt1gpHjzLlIQEyz0TEhKBZQkOZQvj4Yy6q\nw8O5wK6p4TYyV5TT3ruXTb3GjFEX9YWFHM+0aT3sE5KYyHoTu3bRURoezuO1tTQ/jB/P4z3E2iOx\nYgWrge7fz7/dUVAkJ3N3yYkTHHRQECMk/v7AwoVyBhdcSkGB6pF45hkaMvfu5d9EUHgmkuYQNM2S\nJcwUFBezjcTp0/RNuKLOhMXCuTciwjY7EB9PP0